Resultado do metodo Runge-Kutta de 4a ordem
[ 0(0.00000, 5.00000), 1(0.01000, 4.99500), 2(0.02000, 4.99001), 3(0.03000, 4.98502), 
  4(0.04000, 4.98004), 5(0.05000, 4.97506), 6(0.06000, 4.97009), 
  7(0.07000, 4.96512), 8(0.08000, 4.96016), 9(0.09000, 4.95520), 
  10(0.10000, 4.95025), 11(0.11000, 4.94530), 12(0.12000, 4.94036), 
  13(0.13000, 4.93542), 14(0.14000, 4.93049), 15(0.15000, 4.92556), 
  16(0.16000, 4.92064), 17(0.17000, 4.91572), 18(0.18000, 4.91081), 
  19(0.19000, 4.90590), 20(0.20000, 4.90099), 21(0.21000, 4.89609), 
  22(0.22000, 4.89120), 23(0.23000, 4.88631), 24(0.24000, 4.88143), 
  25(0.25000, 4.87655), 26(0.26000, 4.87168), 27(0.27000, 4.86681), 
  28(0.28000, 4.86194), 29(0.29000, 4.85708), 30(0.30000, 4.85223), 
  31(0.31000, 4.84738), 32(0.32000, 4.84253), 33(0.33000, 4.83769), 
  34(0.34000, 4.83286), 35(0.35000, 4.82803), 36(0.36000, 4.82320), 
  37(0.37000, 4.81838), 38(0.38000, 4.81356), 39(0.39000, 4.80875), 
  40(0.40000, 4.80395), 41(0.41000, 4.79915), 42(0.42000, 4.79435), 
  43(0.43000, 4.78956), 44(0.44000, 4.78477), 45(0.45000, 4.77999), 
  46(0.46000, 4.77521), 47(0.47000, 4.77044), 48(0.48000, 4.76567), 
  49(0.49000, 4.76091), 50(0.50000, 4.75615), 51(0.51000, 4.75139), 
  52(0.52000, 4.74664), 53(0.53000, 4.74190), 54(0.54000, 4.73716), 
  55(0.55000, 4.73243), 56(0.56000, 4.72770), 57(0.57000, 4.72297), 
  58(0.58000, 4.71825), 59(0.59000, 4.71353), 60(0.60000, 4.70882), 
  61(0.61000, 4.70412), 62(0.62000, 4.69941), 63(0.63000, 4.69472), 
  64(0.64000, 4.69002), 65(0.65000, 4.68534), 66(0.66000, 4.68065), 
  67(0.67000, 4.67598), 68(0.68000, 4.67130), 69(0.69000, 4.66663), 
  70(0.70000, 4.66197), 71(0.71000, 4.65731), 72(0.72000, 4.65265), 
  73(0.73000, 4.64800), 74(0.74000, 4.64336), 75(0.75000, 4.63872), 
  76(0.76000, 4.63408), 77(0.77000, 4.62945), 78(0.78000, 4.62482), 
  79(0.79000, 4.62020), 80(0.80000, 4.61558), 81(0.81000, 4.61097), 
  82(0.82000, 4.60636), 83(0.83000, 4.60176), 84(0.84000, 4.59716), 
  85(0.85000, 4.59256), 86(0.86000, 4.58797), 87(0.87000, 4.58339), 
  88(0.88000, 4.57880), 89(0.89000, 4.57423), 90(0.90000, 4.56966), 
  91(0.91000, 4.56509), 92(0.92000, 4.56053), 93(0.93000, 4.55597), 
  94(0.94000, 4.55141), 95(0.95000, 4.54686), 96(0.96000, 4.54232), 
  97(0.97000, 4.53778), 98(0.98000, 4.53324), 99(0.99000, 4.52871), 
  100(1.00000, 4.52419), 101(1.01000, 4.51967), 102(1.02000, 4.51515), 
  103(1.03000, 4.51063), 104(1.04000, 4.50613), 105(1.05000, 4.50162), 
  106(1.06000, 4.49712), 107(1.07000, 4.49263), 108(1.08000, 4.48814), 
  109(1.09000, 4.48365), 110(1.10000, 4.47917), 111(1.11000, 4.47469), 
  112(1.12000, 4.47022), 113(1.13000, 4.46575), 114(1.14000, 4.46129), 
  115(1.15000, 4.45683), 116(1.16000, 4.45238), 117(1.17000, 4.44793), 
  118(1.18000, 4.44348), 119(1.19000, 4.43904), 120(1.20000, 4.43460), 
  121(1.21000, 4.43017), 122(1.22000, 4.42574), 123(1.23000, 4.42132), 
  124(1.24000, 4.41690), 125(1.25000, 4.41248), 126(1.26000, 4.40807), 
  127(1.27000, 4.40367), 128(1.28000, 4.39927), 129(1.29000, 4.39487), 
  130(1.30000, 4.39048), 131(1.31000, 4.38609), 132(1.32000, 4.38170), 
  133(1.33000, 4.37733), 134(1.34000, 4.37295), 135(1.35000, 4.36858), 
  136(1.36000, 4.36421), 137(1.37000, 4.35985), 138(1.38000, 4.35549), 
  139(1.39000, 4.35114), 140(1.40000, 4.34679), 141(1.41000, 4.34245), 
  142(1.42000, 4.33811), 143(1.43000, 4.33377), 144(1.44000, 4.32944), 
  145(1.45000, 4.32511), 146(1.46000, 4.32079), 147(1.47000, 4.31647), 
  148(1.48000, 4.31216), 149(1.49000, 4.30785), 150(1.50000, 4.30354), 
  151(1.51000, 4.29924), 152(1.52000, 4.29494), 153(1.53000, 4.29065), 
  154(1.54000, 4.28636), 155(1.55000, 4.28208), 156(1.56000, 4.27780), 
  157(1.57000, 4.27352), 158(1.58000, 4.26925), 159(1.59000, 4.26498), 
  160(1.60000, 4.26072), 161(1.61000, 4.25646), 162(1.62000, 4.25221), 
  163(1.63000, 4.24796), 164(1.64000, 4.24371), 165(1.65000, 4.23947), 
  166(1.66000, 4.23523), 167(1.67000, 4.23100), 168(1.68000, 4.22677), 
  169(1.69000, 4.22254), 170(1.70000, 4.21832), 171(1.71000, 4.21411), 
  172(1.72000, 4.20990), 173(1.73000, 4.20569), 174(1.74000, 4.20148), 
  175(1.75000, 4.19729), 176(1.76000, 4.19309), 177(1.77000, 4.18890), 
  178(1.78000, 4.18471), 179(1.79000, 4.18053), 180(1.80000, 4.17635), 
  181(1.81000, 4.17218), 182(1.82000, 4.16801), 183(1.83000, 4.16384), 
  184(1.84000, 4.15968), 185(1.85000, 4.15552), 186(1.86000, 4.15137), 
  187(1.87000, 4.14722), 188(1.88000, 4.14307), 189(1.89000, 4.13893), 
  190(1.90000, 4.13480), 191(1.91000, 4.13066), 192(1.92000, 4.12653), 
  193(1.93000, 4.12241), 194(1.94000, 4.11829), 195(1.95000, 4.11417), 
  196(1.96000, 4.11006), 197(1.97000, 4.10595), 198(1.98000, 4.10185), 
  199(1.99000, 4.09775), 200(2.00000, 4.09365) ]