Resultado do metodo Runge-Kutta de 4a ordem
[ 0(0.00000, 0.00000), 1(1.00000, 0.99750), 2(2.00000, 1.99000), 3(3.00000, 2.97750), 
  4(4.00000, 3.96000), 5(5.00000, 4.93750), 6(6.00000, 5.91000), 
  7(7.00000, 6.87750), 8(8.00000, 7.84000), 9(9.00000, 8.79750), 
  10(10.00000, 9.75000), 11(11.00000, 10.69750), 12(12.00000, 11.64000), 
  13(13.00000, 12.57750), 14(14.00000, 13.51000), 15(15.00000, 14.43750), 
  16(16.00000, 15.36000), 17(17.00000, 16.27750), 18(18.00000, 17.19000), 
  19(19.00000, 18.09750), 20(20.00000, 19.00000), 21(21.00000, 19.89750), 
  22(22.00000, 20.79000), 23(23.00000, 21.67750), 24(24.00000, 22.56000), 
  25(25.00000, 23.43750), 26(26.00000, 24.31000), 27(27.00000, 25.17750), 
  28(28.00000, 26.04000), 29(29.00000, 26.89750), 30(30.00000, 27.75000), 
  31(31.00000, 28.59750), 32(32.00000, 29.44000), 33(33.00000, 30.27750), 
  34(34.00000, 31.11000), 35(35.00000, 31.93750), 36(36.00000, 32.76000), 
  37(37.00000, 33.57750), 38(38.00000, 34.39000), 39(39.00000, 35.19750), 
  40(40.00000, 36.00000), 41(41.00000, 36.79750), 42(42.00000, 37.59000), 
  43(43.00000, 38.37750), 44(44.00000, 39.16000), 45(45.00000, 39.93750), 
  46(46.00000, 40.71000), 47(47.00000, 41.47750), 48(48.00000, 42.24000), 
  49(49.00000, 42.99750), 50(50.00000, 43.75000) ]