Resultado do metodo Runge-Kutta de 4a ordem
[ 0(0.00000, 20.00000), 1(0.01000, 20.10025), 2(0.02000, 20.20100), 3(0.03000, 20.30226), 
  4(0.04000, 20.40403), 5(0.05000, 20.50630), 6(0.06000, 20.60909), 
  7(0.07000, 20.71239), 8(0.08000, 20.81622), 9(0.09000, 20.92056), 
  10(0.10000, 21.02542), 11(0.11000, 21.13081), 12(0.12000, 21.23673), 
  13(0.13000, 21.34318), 14(0.14000, 21.45016), 15(0.15000, 21.55768), 
  16(0.16000, 21.66574), 17(0.17000, 21.77434), 18(0.18000, 21.88349), 
  19(0.19000, 21.99318), 20(0.20000, 22.10342), 21(0.21000, 22.21421), 
  22(0.22000, 22.32556), 23(0.23000, 22.43747), 24(0.24000, 22.54994), 
  25(0.25000, 22.66297), 26(0.26000, 22.77657), 27(0.27000, 22.89074), 
  28(0.28000, 23.00548), 29(0.29000, 23.12079), 30(0.30000, 23.23668), 
  31(0.31000, 23.35316), 32(0.32000, 23.47022), 33(0.33000, 23.58786), 
  34(0.34000, 23.70610), 35(0.35000, 23.82492), 36(0.36000, 23.94435), 
  37(0.37000, 24.06437), 38(0.38000, 24.18499), 39(0.39000, 24.30622), 
  40(0.40000, 24.42806), 41(0.41000, 24.55050), 42(0.42000, 24.67356), 
  43(0.43000, 24.79724), 44(0.44000, 24.92153), 45(0.45000, 25.04645), 
  46(0.46000, 25.17200), 47(0.47000, 25.29818), 48(0.48000, 25.42498), 
  49(0.49000, 25.55243), 50(0.50000, 25.68051), 51(0.51000, 25.80923), 
  52(0.52000, 25.93860), 53(0.53000, 26.06862), 54(0.54000, 26.19929), 
  55(0.55000, 26.33061), 56(0.56000, 26.46260), 57(0.57000, 26.59524), 
  58(0.58000, 26.72855), 59(0.59000, 26.86253), 60(0.60000, 26.99718), 
  61(0.61000, 27.13250), 62(0.62000, 27.26850), 63(0.63000, 27.40519), 
  64(0.64000, 27.54256), 65(0.65000, 27.68061), 66(0.66000, 27.81936), 
  67(0.67000, 27.95881), 68(0.68000, 28.09895), 69(0.69000, 28.23980), 
  70(0.70000, 28.38135), 71(0.71000, 28.52361), 72(0.72000, 28.66659), 
  73(0.73000, 28.81028), 74(0.74000, 28.95469), 75(0.75000, 29.09983), 
  76(0.76000, 29.24569), 77(0.77000, 29.39229), 78(0.78000, 29.53962), 
  79(0.79000, 29.68768), 80(0.80000, 29.83649), 81(0.81000, 29.98605), 
  82(0.82000, 30.13636), 83(0.83000, 30.28741), 84(0.84000, 30.43923), 
  85(0.85000, 30.59181), 86(0.86000, 30.74515), 87(0.87000, 30.89926), 
  88(0.88000, 31.05414), 89(0.89000, 31.20980), 90(0.90000, 31.36624), 
  91(0.91000, 31.52347), 92(0.92000, 31.68148), 93(0.93000, 31.84028), 
  94(0.94000, 31.99988), 95(0.95000, 32.16028), 96(0.96000, 32.32149), 
  97(0.97000, 32.48350), 98(0.98000, 32.64632), 99(0.99000, 32.80996), 
  100(1.00000, 32.97443), 101(1.01000, 33.13971), 102(1.02000, 33.30582), 
  103(1.03000, 33.47277), 104(1.04000, 33.64055), 105(1.05000, 33.80918), 
  106(1.06000, 33.97865), 107(1.07000, 34.14896), 108(1.08000, 34.32014), 
  109(1.09000, 34.49217), 110(1.10000, 34.66506), 111(1.11000, 34.83882), 
  112(1.12000, 35.01345), 113(1.13000, 35.18896), 114(1.14000, 35.36534), 
  115(1.15000, 35.54261), 116(1.16000, 35.72077), 117(1.17000, 35.89982), 
  118(1.18000, 36.07977), 119(1.19000, 36.26062), 120(1.20000, 36.44238), 
  121(1.21000, 36.62504), 122(1.22000, 36.80863), 123(1.23000, 36.99313), 
  124(1.24000, 37.17856), 125(1.25000, 37.36492), 126(1.26000, 37.55221), 
  127(1.27000, 37.74044), 128(1.28000, 37.92962), 129(1.29000, 38.11974), 
  130(1.30000, 38.31082), 131(1.31000, 38.50285), 132(1.32000, 38.69585), 
  133(1.33000, 38.88981), 134(1.34000, 39.08475), 135(1.35000, 39.28066), 
  136(1.36000, 39.47755), 137(1.37000, 39.67544), 138(1.38000, 39.87431), 
  139(1.39000, 40.07418), 140(1.40000, 40.27505), 141(1.41000, 40.47693), 
  142(1.42000, 40.67983), 143(1.43000, 40.88373), 144(1.44000, 41.08866), 
  145(1.45000, 41.29462), 146(1.46000, 41.50161), 147(1.47000, 41.70964), 
  148(1.48000, 41.91871), 149(1.49000, 42.12883), 150(1.50000, 42.34000), 
  151(1.51000, 42.55223), 152(1.52000, 42.76552), 153(1.53000, 42.97989), 
  154(1.54000, 43.19533), 155(1.55000, 43.41184), 156(1.56000, 43.62945), 
  157(1.57000, 43.84814), 158(1.58000, 44.06793), 159(1.59000, 44.28882), 
  160(1.60000, 44.51082), 161(1.61000, 44.73393), 162(1.62000, 44.95816), 
  163(1.63000, 45.18351), 164(1.64000, 45.41000), 165(1.65000, 45.63762), 
  166(1.66000, 45.86637), 167(1.67000, 46.09628), 168(1.68000, 46.32734), 
  169(1.69000, 46.55956), 170(1.70000, 46.79294), 171(1.71000, 47.02749), 
  172(1.72000, 47.26321), 173(1.73000, 47.50012), 174(1.74000, 47.73822), 
  175(1.75000, 47.97751), 176(1.76000, 48.21799), 177(1.77000, 48.45969), 
  178(1.78000, 48.70259), 179(1.79000, 48.94672), 180(1.80000, 49.19206), 
  181(1.81000, 49.43864), 182(1.82000, 49.68645), 183(1.83000, 49.93551), 
  184(1.84000, 50.18581), 185(1.85000, 50.43737), 186(1.86000, 50.69018), 
  187(1.87000, 50.94427), 188(1.88000, 51.19963), 189(1.89000, 51.45627), 
  190(1.90000, 51.71419), 191(1.91000, 51.97341), 192(1.92000, 52.23393), 
  193(1.93000, 52.49575), 194(1.94000, 52.75889), 195(1.95000, 53.02334), 
  196(1.96000, 53.28912), 197(1.97000, 53.55624), 198(1.98000, 53.82469), 
  199(1.99000, 54.09449), 200(2.00000, 54.36564) ]