Resultado do metodo de Euler Modificado
[ 0(0.0000, 0.0000), 1(1.0000, 0.9975), 2(2.0000, 1.9900), 3(3.0000, 2.9775), 
  4(4.0000, 3.9600), 5(5.0000, 4.9375), 6(6.0000, 5.9100), 
  7(7.0000, 6.8775), 8(8.0000, 7.8400), 9(9.0000, 8.7974), 
  10(10.0000, 9.7499), 11(11.0000, 10.6974), 12(12.0000, 11.6399), 
  13(13.0000, 12.5774), 14(14.0000, 13.5099), 15(15.0000, 14.4374), 
  16(16.0000, 15.3599), 17(17.0000, 16.2774), 18(18.0000, 17.1899), 
  19(19.0000, 18.0974), 20(20.0000, 18.9999), 21(21.0000, 19.8974), 
  22(22.0000, 20.7899), 23(23.0000, 21.6774), 24(24.0000, 22.5599), 
  25(25.0000, 23.4374), 26(26.0000, 24.3098), 27(27.0000, 25.1773), 
  28(28.0000, 26.0398), 29(29.0000, 26.8973), 30(30.0000, 27.7498), 
  31(31.0000, 28.5973), 32(32.0000, 29.4398), 33(33.0000, 30.2773), 
  34(34.0000, 31.1098), 35(35.0000, 31.9373), 36(36.0000, 32.7598), 
  37(37.0000, 33.5773), 38(38.0000, 34.3898), 39(39.0000, 35.1973), 
  40(40.0000, 35.9998), 41(41.0000, 36.7973), 42(42.0000, 37.5898), 
  43(43.0000, 38.3773), 44(44.0000, 39.1598), 45(45.0000, 39.9372), 
  46(46.0000, 40.7097), 47(47.0000, 41.4772), 48(48.0000, 42.2397), 
  49(49.0000, 42.9972), 50(50.0000, 43.7497) ]