Resultado do metodo de Euler Modificado
[ 0(0.0000, 10000.0000), 1(0.5000, 10382.0312), 2(1.0000, 10778.6573), 3(1.5000, 11190.4357), 
  4(2.0000, 11617.9453), 5(2.5000, 12061.7871), 6(3.0000, 12522.5851), 
  7(3.5000, 13000.9870), 8(4.0000, 13497.6653), 9(4.5000, 14013.3183), 
  10(5.0000, 14548.6708), 11(5.5000, 15104.4755), 12(6.0000, 15681.5137), 
  13(6.5000, 16280.5965), 14(7.0000, 16902.5662), 15(7.5000, 17548.2970), 
  16(8.0000, 18218.6968), 17(8.5000, 18914.7080), 18(9.0000, 19637.3089), 
  19(9.5000, 20387.5155), 20(10.0000, 21166.3823), 21(10.5000, 21975.0042), 
  22(11.0000, 22814.5181), 23(11.5000, 23686.1039), 24(12.0000, 24590.9871), 
  25(12.5000, 25530.4397), 26(13.0000, 26505.7823), 27(13.5000, 27518.3860), 
  28(14.0000, 28569.6743), 29(14.5000, 29661.1252), 30(15.0000, 30794.2728), 
  31(15.5000, 31970.7103), 32(16.0000, 33192.0913), 33(16.5000, 34460.1329), 
  34(17.0000, 35776.6177), 35(17.5000, 37143.3963), 36(18.0000, 38562.3901), 
  37(18.5000, 40035.5939), 38(19.0000, 41565.0787), 39(19.5000, 43152.9946), 
  40(20.0000, 44801.5739) ]