k          xk          fxk         f'xk
1      	2.00000     2193.90566     12572.98113     
2      	1.82551     757.72831     4920.18756     
3      	1.67150     260.47013     1935.16306     
4      	1.53690     88.86276     767.27462     
5      	1.42109     29.94592     308.19312     
6      	1.32392     9.88799     126.43544     
7      	1.24572     3.15359     53.72310     
8      	1.18701     0.94387     24.29100     
9      	1.14816     0.24659     12.41308     
10     	1.12829     0.04510     8.03899     
11     	1.12268     0.00301     6.97673     

x(k+1) = xk - (fxk)/(f'xk)

A raiz (aproximada) da funcao eh: 1.12268264524743