k          a           b           f(a)        f(b)         e         e/|bk|       xk       f(xk)
1      	5.00000     5.50000     -0.02465     0.01162     0.50000     0.09091     5.3398     0.0012011
2      	5.00000     5.33979     -0.02465     0.00120     0.33979     0.06363     5.3240     0.00011619
3      	5.00000     5.32400     -0.02465     0.00012     0.32400     0.06086     5.3225     0.000011165
4      	5.00000     5.32248     -0.02465     0.00001     0.32248     0.06059     5.3223     0.0000010723
5      	5.00000     5.32234     -0.02465     0.00000     0.32234     0.06056     5.3223     1.0298E-7
6      	5.00000     5.32232     -0.02465     0.00000     0.32232     0.06056     5.3223     9.8892E-9
7      	5.00000     5.32232     -0.02465     0.00000     0.32232     0.06056     5.3223     9.4968E-10
8      	5.00000     5.32232     -0.02465     0.00000     0.32232     0.06056     5.3223     9.1200E-11
9      	5.00000     5.32232     -0.02465     0.00000     0.32232     0.06056     5.3223     8.7581E-12
10     	5.00000     5.32232     -0.02465     0.00000     0.32232     0.06056     5.3223     8.4097E-13
11     	5.00000     5.32232     -0.02465     0.00000     0.32232     0.06056     5.3223     8.0755E-14
12     	5.00000     5.32232     -0.02465     0.00000     0.32232     0.06056     5.3223     7.7299E-15
13     	5.00000     5.32232     -0.02465     0.00000     0.32232     0.06056     5.3223     8.8818E-16
14     	5.00000     5.32232     -0.02465     0.00000     0.32232     0.06056     5.3223     8.3267E-17
15     	5.00000     5.32232     -0.02465     0.00000     0.32232     0.06056     5.3223     -5.5511E-17
16     	5.32232     5.32232     -0.00000     0.00000     0.00000     0.00000     5.3223     2.7756E-17

xk = (ak * fbk - bk * fak) / (fbk - fak)		e = |(bk - ak)|

A raiz (aproximada) da funcao eh: 5.32232033783421