Resultado do metodo de Ralston
[ 0(0.0000, 0.0000), 1(1.0000, 0.9975), 2(2.0000, 1.9900), 3(3.0000, 2.9775), 
  4(4.0000, 3.9600), 5(5.0000, 4.9375), 6(6.0000, 5.9099), 
  7(7.0000, 6.8774), 8(8.0000, 7.8399), 9(9.0000, 8.7974), 
  10(10.0000, 9.7499), 11(11.0000, 10.6974), 12(12.0000, 11.6399), 
  13(13.0000, 12.5774), 14(14.0000, 13.5099), 15(15.0000, 14.4374), 
  16(16.0000, 15.3599), 17(17.0000, 16.2773), 18(18.0000, 17.1898), 
  19(19.0000, 18.0973), 20(20.0000, 18.9998), 21(21.0000, 19.8973), 
  22(22.0000, 20.7898), 23(23.0000, 21.6773), 24(24.0000, 22.5598), 
  25(25.0000, 23.4373), 26(26.0000, 24.3098), 27(27.0000, 25.1773), 
  28(28.0000, 26.0398), 29(29.0000, 26.8972), 30(30.0000, 27.7497), 
  31(31.0000, 28.5972), 32(32.0000, 29.4397), 33(33.0000, 30.2772), 
  34(34.0000, 31.1097), 35(35.0000, 31.9372), 36(36.0000, 32.7597), 
  37(37.0000, 33.5772), 38(38.0000, 34.3897), 39(39.0000, 35.1972), 
  40(40.0000, 35.9997), 41(41.0000, 36.7972), 42(42.0000, 37.5896), 
  43(43.0000, 38.3771), 44(44.0000, 39.1596), 45(45.0000, 39.9371), 
  46(46.0000, 40.7096), 47(47.0000, 41.4771), 48(48.0000, 42.2396), 
  49(49.0000, 42.9971), 50(50.0000, 43.7496) ]