Resultado do metodo de Ralston
[ 0(0.00000, 10000.00000), 1(0.50000, 10382.03125), 2(1.00000, 10778.65729), 3(1.50000, 11190.43568), 
  4(2.00000, 11617.94529), 5(2.50000, 12061.78711), 6(3.00000, 12522.58507), 
  7(3.50000, 13000.98695), 8(4.00000, 13497.66528), 9(4.50000, 14013.31828), 
  10(5.00000, 14548.67083), 11(5.50000, 15104.47552), 12(6.00000, 15681.51368), 
  13(6.50000, 16280.59651), 14(7.00000, 16902.56617), 15(7.50000, 17548.29702), 
  16(8.00000, 18218.69681), 17(8.50000, 18914.70796), 18(9.00000, 19637.30891), 
  19(9.50000, 20387.51548), 20(10.00000, 21166.38228), 21(10.50000, 21975.00423), 
  22(11.00000, 22814.51806), 23(11.50000, 23686.10394), 24(12.00000, 24590.98713), 
  25(12.50000, 25530.43969), 26(13.00000, 26505.78227), 27(13.50000, 27518.38598), 
  28(14.00000, 28569.67432), 29(14.50000, 29661.12516), 30(15.00000, 30794.27283), 
  31(15.50000, 31970.71029), 32(16.00000, 33192.09133), 33(16.50000, 34460.13294), 
  34(17.00000, 35776.61771), 35(17.50000, 37143.39631), 36(18.00000, 38562.39012), 
  37(18.50000, 40035.59393), 38(19.00000, 41565.07873), 39(19.50000, 43152.99463), 
  40(20.00000, 44801.57388) ]