Resultado do metodo de Heun
[ 0(0.0000, 5.0000), 1(0.0100, 4.9950), 2(0.0200, 4.9900), 3(0.0300, 4.9850), 
  4(0.0400, 4.9800), 5(0.0500, 4.9751), 6(0.0600, 4.9701), 
  7(0.0700, 4.9651), 8(0.0800, 4.9602), 9(0.0900, 4.9552), 
  10(0.1000, 4.9502), 11(0.1100, 4.9453), 12(0.1200, 4.9404), 
  13(0.1300, 4.9354), 14(0.1400, 4.9305), 15(0.1500, 4.9256), 
  16(0.1600, 4.9206), 17(0.1700, 4.9157), 18(0.1800, 4.9108), 
  19(0.1900, 4.9059), 20(0.2000, 4.9010), 21(0.2100, 4.8961), 
  22(0.2200, 4.8912), 23(0.2300, 4.8863), 24(0.2400, 4.8814), 
  25(0.2500, 4.8765), 26(0.2600, 4.8717), 27(0.2700, 4.8668), 
  28(0.2800, 4.8619), 29(0.2900, 4.8571), 30(0.3000, 4.8522), 
  31(0.3100, 4.8474), 32(0.3200, 4.8425), 33(0.3300, 4.8377), 
  34(0.3400, 4.8329), 35(0.3500, 4.8280), 36(0.3600, 4.8232), 
  37(0.3700, 4.8184), 38(0.3800, 4.8136), 39(0.3900, 4.8088), 
  40(0.4000, 4.8039), 41(0.4100, 4.7991), 42(0.4200, 4.7943), 
  43(0.4300, 4.7896), 44(0.4400, 4.7848), 45(0.4500, 4.7800), 
  46(0.4600, 4.7752), 47(0.4700, 4.7704), 48(0.4800, 4.7657), 
  49(0.4900, 4.7609), 50(0.5000, 4.7561), 51(0.5100, 4.7514), 
  52(0.5200, 4.7466), 53(0.5300, 4.7419), 54(0.5400, 4.7372), 
  55(0.5500, 4.7324), 56(0.5600, 4.7277), 57(0.5700, 4.7230), 
  58(0.5800, 4.7182), 59(0.5900, 4.7135), 60(0.6000, 4.7088), 
  61(0.6100, 4.7041), 62(0.6200, 4.6994), 63(0.6300, 4.6947), 
  64(0.6400, 4.6900), 65(0.6500, 4.6853), 66(0.6600, 4.6807), 
  67(0.6700, 4.6760), 68(0.6800, 4.6713), 69(0.6900, 4.6666), 
  70(0.7000, 4.6620), 71(0.7100, 4.6573), 72(0.7200, 4.6527), 
  73(0.7300, 4.6480), 74(0.7400, 4.6434), 75(0.7500, 4.6387), 
  76(0.7600, 4.6341), 77(0.7700, 4.6294), 78(0.7800, 4.6248), 
  79(0.7900, 4.6202), 80(0.8000, 4.6156), 81(0.8100, 4.6110), 
  82(0.8200, 4.6064), 83(0.8300, 4.6018), 84(0.8400, 4.5972), 
  85(0.8500, 4.5926), 86(0.8600, 4.5880), 87(0.8700, 4.5834), 
  88(0.8800, 4.5788), 89(0.8900, 4.5742), 90(0.9000, 4.5697), 
  91(0.9100, 4.5651), 92(0.9200, 4.5605), 93(0.9300, 4.5560), 
  94(0.9400, 4.5514), 95(0.9500, 4.5469), 96(0.9600, 4.5423), 
  97(0.9700, 4.5378), 98(0.9800, 4.5332), 99(0.9900, 4.5287), 
  100(1.0000, 4.5242), 101(1.0100, 4.5197), 102(1.0200, 4.5151), 
  103(1.0300, 4.5106), 104(1.0400, 4.5061), 105(1.0500, 4.5016), 
  106(1.0600, 4.4971), 107(1.0700, 4.4926), 108(1.0800, 4.4881), 
  109(1.0900, 4.4837), 110(1.1000, 4.4792), 111(1.1100, 4.4747), 
  112(1.1200, 4.4702), 113(1.1300, 4.4658), 114(1.1400, 4.4613), 
  115(1.1500, 4.4568), 116(1.1600, 4.4524), 117(1.1700, 4.4479), 
  118(1.1800, 4.4435), 119(1.1900, 4.4390), 120(1.2000, 4.4346), 
  121(1.2100, 4.4302), 122(1.2200, 4.4257), 123(1.2300, 4.4213), 
  124(1.2400, 4.4169), 125(1.2500, 4.4125), 126(1.2600, 4.4081), 
  127(1.2700, 4.4037), 128(1.2800, 4.3993), 129(1.2900, 4.3949), 
  130(1.3000, 4.3905), 131(1.3100, 4.3861), 132(1.3200, 4.3817), 
  133(1.3300, 4.3773), 134(1.3400, 4.3730), 135(1.3500, 4.3686), 
  136(1.3600, 4.3642), 137(1.3700, 4.3599), 138(1.3800, 4.3555), 
  139(1.3900, 4.3511), 140(1.4000, 4.3468), 141(1.4100, 4.3424), 
  142(1.4200, 4.3381), 143(1.4300, 4.3338), 144(1.4400, 4.3294), 
  145(1.4500, 4.3251), 146(1.4600, 4.3208), 147(1.4700, 4.3165), 
  148(1.4800, 4.3122), 149(1.4900, 4.3078), 150(1.5000, 4.3035), 
  151(1.5100, 4.2992), 152(1.5200, 4.2949), 153(1.5300, 4.2906), 
  154(1.5400, 4.2864), 155(1.5500, 4.2821), 156(1.5600, 4.2778), 
  157(1.5700, 4.2735), 158(1.5800, 4.2692), 159(1.5900, 4.2650), 
  160(1.6000, 4.2607), 161(1.6100, 4.2565), 162(1.6200, 4.2522), 
  163(1.6300, 4.2480), 164(1.6400, 4.2437), 165(1.6500, 4.2395), 
  166(1.6600, 4.2352), 167(1.6700, 4.2310), 168(1.6800, 4.2268), 
  169(1.6900, 4.2225), 170(1.7000, 4.2183), 171(1.7100, 4.2141), 
  172(1.7200, 4.2099), 173(1.7300, 4.2057), 174(1.7400, 4.2015), 
  175(1.7500, 4.1973), 176(1.7600, 4.1931), 177(1.7700, 4.1889), 
  178(1.7800, 4.1847), 179(1.7900, 4.1805), 180(1.8000, 4.1764), 
  181(1.8100, 4.1722), 182(1.8200, 4.1680), 183(1.8300, 4.1638), 
  184(1.8400, 4.1597), 185(1.8500, 4.1555), 186(1.8600, 4.1514), 
  187(1.8700, 4.1472), 188(1.8800, 4.1431), 189(1.8900, 4.1389), 
  190(1.9000, 4.1348), 191(1.9100, 4.1307), 192(1.9200, 4.1265), 
  193(1.9300, 4.1224), 194(1.9400, 4.1183), 195(1.9500, 4.1142), 
  196(1.9600, 4.1101), 197(1.9700, 4.1060), 198(1.9800, 4.1018), 
  199(1.9900, 4.0977), 200(2.0000, 4.0937) ]