Resultado do metodo de Heun
[ 0(0.0000, 0.0000), 1(1.0000, 0.9975), 2(2.0000, 1.9900), 3(3.0000, 2.9775), 
  4(4.0000, 3.9600), 5(5.0000, 4.9374), 6(6.0000, 5.9099), 
  7(7.0000, 6.8774), 8(8.0000, 7.8399), 9(9.0000, 8.7974), 
  10(10.0000, 9.7499), 11(11.0000, 10.6974), 12(12.0000, 11.6399), 
  13(13.0000, 12.5773), 14(14.0000, 13.5098), 15(15.0000, 14.4373), 
  16(16.0000, 15.3598), 17(17.0000, 16.2773), 18(18.0000, 17.1898), 
  19(19.0000, 18.0973), 20(20.0000, 18.9998), 21(21.0000, 19.8972), 
  22(22.0000, 20.7897), 23(23.0000, 21.6772), 24(24.0000, 22.5597), 
  25(25.0000, 23.4372), 26(26.0000, 24.3097), 27(27.0000, 25.1772), 
  28(28.0000, 26.0397), 29(29.0000, 26.8972), 30(30.0000, 27.7497), 
  31(31.0000, 28.5971), 32(32.0000, 29.4396), 33(33.0000, 30.2771), 
  34(34.0000, 31.1096), 35(35.0000, 31.9371), 36(36.0000, 32.7596), 
  37(37.0000, 33.5771), 38(38.0000, 34.3896), 39(39.0000, 35.1971), 
  40(40.0000, 35.9995), 41(41.0000, 36.7970), 42(42.0000, 37.5895), 
  43(43.0000, 38.3770), 44(44.0000, 39.1595), 45(45.0000, 39.9370), 
  46(46.0000, 40.7095), 47(47.0000, 41.4770), 48(48.0000, 42.2395), 
  49(49.0000, 42.9970), 50(50.0000, 43.7494) ]