Resultado do metodo de Heun
[ 0(0.00000, 20.00000), 1(0.01000, 20.10025), 2(0.02000, 20.20100), 3(0.03000, 20.30226), 
  4(0.04000, 20.40403), 5(0.05000, 20.50630), 6(0.06000, 20.60909), 
  7(0.07000, 20.71239), 8(0.08000, 20.81621), 9(0.09000, 20.92055), 
  10(0.10000, 21.02542), 11(0.11000, 21.13081), 12(0.12000, 21.23673), 
  13(0.13000, 21.34317), 14(0.14000, 21.45016), 15(0.15000, 21.55768), 
  16(0.16000, 21.66573), 17(0.17000, 21.77433), 18(0.18000, 21.88348), 
  19(0.19000, 21.99317), 20(0.20000, 22.10341), 21(0.21000, 22.21420), 
  22(0.22000, 22.32555), 23(0.23000, 22.43746), 24(0.24000, 22.54993), 
  25(0.25000, 22.66296), 26(0.26000, 22.77656), 27(0.27000, 22.89072), 
  28(0.28000, 23.00546), 29(0.29000, 23.12078), 30(0.30000, 23.23667), 
  31(0.31000, 23.35314), 32(0.32000, 23.47020), 33(0.33000, 23.58785), 
  34(0.34000, 23.70608), 35(0.35000, 23.82491), 36(0.36000, 23.94433), 
  37(0.37000, 24.06435), 38(0.38000, 24.18497), 39(0.39000, 24.30620), 
  40(0.40000, 24.42803), 41(0.41000, 24.55048), 42(0.42000, 24.67354), 
  43(0.43000, 24.79722), 44(0.44000, 24.92151), 45(0.45000, 25.04643), 
  46(0.46000, 25.17198), 47(0.47000, 25.29815), 48(0.48000, 25.42496), 
  49(0.49000, 25.55240), 50(0.50000, 25.68048), 51(0.51000, 25.80921), 
  52(0.52000, 25.93857), 53(0.53000, 26.06859), 54(0.54000, 26.19926), 
  55(0.55000, 26.33058), 56(0.56000, 26.46257), 57(0.57000, 26.59521), 
  58(0.58000, 26.72852), 59(0.59000, 26.86249), 60(0.60000, 26.99714), 
  61(0.61000, 27.13247), 62(0.62000, 27.26847), 63(0.63000, 27.40515), 
  64(0.64000, 27.54252), 65(0.65000, 27.68058), 66(0.66000, 27.81932), 
  67(0.67000, 27.95877), 68(0.68000, 28.09891), 69(0.69000, 28.23976), 
  70(0.70000, 28.38131), 71(0.71000, 28.52357), 72(0.72000, 28.66655), 
  73(0.73000, 28.81024), 74(0.74000, 28.95465), 75(0.75000, 29.09978), 
  76(0.76000, 29.24565), 77(0.77000, 29.39224), 78(0.78000, 29.53957), 
  79(0.79000, 29.68764), 80(0.80000, 29.83644), 81(0.81000, 29.98600), 
  82(0.82000, 30.13630), 83(0.83000, 30.28736), 84(0.84000, 30.43918), 
  85(0.85000, 30.59175), 86(0.86000, 30.74510), 87(0.87000, 30.89921), 
  88(0.88000, 31.05409), 89(0.89000, 31.20975), 90(0.90000, 31.36619), 
  91(0.91000, 31.52341), 92(0.92000, 31.68142), 93(0.93000, 31.84022), 
  94(0.94000, 31.99982), 95(0.95000, 32.16022), 96(0.96000, 32.32142), 
  97(0.97000, 32.48343), 98(0.98000, 32.64626), 99(0.99000, 32.80990), 
  100(1.00000, 32.97436), 101(1.01000, 33.13964), 102(1.02000, 33.30575), 
  103(1.03000, 33.47270), 104(1.04000, 33.64048), 105(1.05000, 33.80910), 
  106(1.06000, 33.97857), 107(1.07000, 34.14889), 108(1.08000, 34.32006), 
  109(1.09000, 34.49209), 110(1.10000, 34.66498), 111(1.11000, 34.83874), 
  112(1.12000, 35.01337), 113(1.13000, 35.18887), 114(1.14000, 35.36526), 
  115(1.15000, 35.54253), 116(1.16000, 35.72068), 117(1.17000, 35.89973), 
  118(1.18000, 36.07968), 119(1.19000, 36.26053), 120(1.20000, 36.44229), 
  121(1.21000, 36.62495), 122(1.22000, 36.80853), 123(1.23000, 36.99304), 
  124(1.24000, 37.17847), 125(1.25000, 37.36482), 126(1.26000, 37.55211), 
  127(1.27000, 37.74034), 128(1.28000, 37.92952), 129(1.29000, 38.11964), 
  130(1.30000, 38.31071), 131(1.31000, 38.50275), 132(1.32000, 38.69574), 
  133(1.33000, 38.88970), 134(1.34000, 39.08464), 135(1.35000, 39.28055), 
  136(1.36000, 39.47744), 137(1.37000, 39.67532), 138(1.38000, 39.87420), 
  139(1.39000, 40.07407), 140(1.40000, 40.27494), 141(1.41000, 40.47682), 
  142(1.42000, 40.67971), 143(1.43000, 40.88361), 144(1.44000, 41.08854), 
  145(1.45000, 41.29450), 146(1.46000, 41.50149), 147(1.47000, 41.70951), 
  148(1.48000, 41.91858), 149(1.49000, 42.12870), 150(1.50000, 42.33987), 
  151(1.51000, 42.55210), 152(1.52000, 42.76539), 153(1.53000, 42.97975), 
  154(1.54000, 43.19519), 155(1.55000, 43.41170), 156(1.56000, 43.62930), 
  157(1.57000, 43.84800), 158(1.58000, 44.06778), 159(1.59000, 44.28867), 
  160(1.60000, 44.51067), 161(1.61000, 44.73378), 162(1.62000, 44.95801), 
  163(1.63000, 45.18336), 164(1.64000, 45.40984), 165(1.65000, 45.63746), 
  166(1.66000, 45.86622), 167(1.67000, 46.09612), 168(1.68000, 46.32718), 
  169(1.69000, 46.55939), 170(1.70000, 46.79277), 171(1.71000, 47.02732), 
  172(1.72000, 47.26305), 173(1.73000, 47.49995), 174(1.74000, 47.73804), 
  175(1.75000, 47.97733), 176(1.76000, 48.21782), 177(1.77000, 48.45951), 
  178(1.78000, 48.70241), 179(1.79000, 48.94653), 180(1.80000, 49.19188), 
  181(1.81000, 49.43845), 182(1.82000, 49.68626), 183(1.83000, 49.93532), 
  184(1.84000, 50.18562), 185(1.85000, 50.43717), 186(1.86000, 50.68999), 
  187(1.87000, 50.94407), 188(1.88000, 51.19943), 189(1.89000, 51.45607), 
  190(1.90000, 51.71399), 191(1.91000, 51.97321), 192(1.92000, 52.23372), 
  193(1.93000, 52.49554), 194(1.94000, 52.75868), 195(1.95000, 53.02313), 
  196(1.96000, 53.28891), 197(1.97000, 53.55602), 198(1.98000, 53.82447), 
  199(1.99000, 54.09426), 200(2.00000, 54.36541) ]