k          a           b           f(a)        f(b)         e         e/|bk|       xk       f(xk)
1      	1.10000     2.00000     -0.09480     22576.62791     0.90000     0.45000     1.55000     497.40358
2      	1.10000     1.55000     -0.09480     497.40358     0.45000     0.29032     1.32500     33.68612
3      	1.10000     1.32500     -0.09480     33.68612     0.22500     0.16981     1.21250     4.87433
4      	1.10000     1.21250     -0.09480     4.87433     0.11250     0.09278     1.15625     1.09959
5      	1.10000     1.15625     -0.09480     1.09959     0.05625     0.04865     1.12812     0.29595
6      	1.10000     1.12812     -0.09480     0.29595     0.02812     0.02493     1.11406     0.05963
7      	1.10000     1.11406     -0.09480     0.05963     0.01406     0.01262     1.10703     -0.02668
8      	1.10703     1.11406     -0.02668     0.05963     0.00703     0.00631     1.11055     0.01406

e = |(bk - ak)|

A raiz (aproximada) da funcao eh: 1.11054687500000