k          a           b           f(a)        f(b)         e         e/|bk|       xk       f(xk)
1      	1.10000     2.00000     -0.11224     2193.90566     0.90000     0.45000     1.55000     99.40809
2      	1.10000     1.55000     -0.11224     99.40809     0.45000     0.29032     1.32500     10.02507
3      	1.10000     1.32500     -0.11224     10.02507     0.22500     0.16981     1.21250     1.69466
4      	1.10000     1.21250     -0.11224     1.69466     0.11250     0.09278     1.15625     0.35534
5      	1.10000     1.15625     -0.11224     0.35534     0.05625     0.04865     1.12812     0.04375
6      	1.10000     1.12812     -0.11224     0.04375     0.02812     0.02493     1.11406     -0.05056
7      	1.11406     1.12812     -0.05056     0.04375     0.01406     0.01247     1.12109     -0.00784
8      	1.12109     1.12812     -0.00784     0.04375     0.00703     0.00623     1.12461     0.01680

e = |(bk - ak)|

A raiz (aproximada) da funcao eh: 1.12460937500000