k          a           b           f(a)        f(b)         e         e/|bk|       xk       f(xk)
1      	1.00000     1.20000     -0.01970     0.02051     0.20000     0.16667     1.0980     -0.00082376
2      	1.09797     1.20000     -0.00082     0.02051     0.10203     0.08502     1.1019     -0.000030542
3      	1.10191     1.20000     -0.00003     0.02051     0.09809     0.08174     1.1021     -0.0000011271
4      	1.10206     1.20000     -0.00000     0.02051     0.09794     0.08162     1.1021     -4.1585E-8
5      	1.10207     1.20000     -0.00000     0.02051     0.09793     0.08161     1.1021     -1.5343E-9
6      	1.10207     1.20000     -0.00000     0.02051     0.09793     0.08161     1.1021     -5.6611E-11
7      	1.10207     1.20000     -0.00000     0.02051     0.09793     0.08161     1.1021     -2.0887E-12
8      	1.10207     1.20000     -0.00000     0.02051     0.09793     0.08161     1.1021     -7.7049E-14
9      	1.10207     1.20000     -0.00000     0.02051     0.09793     0.08161     1.1021     -2.8866E-15
10     	1.10207     1.20000     -0.00000     0.02051     0.09793     0.08161     1.1021     -2.2204E-16
11     	1.10207     1.20000     -0.00000     0.02051     0.09793     0.08161     1.1021     2.2204E-16
12     	1.10207     1.10207     -0.00000     0.00000     0.00000     0.00000     1.1021     1.1102E-16

xk = (ak * fbk - bk * fak) / (fbk - fak)		e = |(bk - ak)|

A raiz (aproximada) da funcao eh: 1.10206532824932