k          a           b           f(a)        f(b)         e         e/|bk|       xk       f(xk)
1      	1.10000     1.20000     -0.09480     3.69557     0.10000     0.08333     1.1025     -0.072523
2      	1.10250     1.20000     -0.07252     3.69557     0.09750     0.08125     1.1044     -0.054414
3      	1.10438     1.20000     -0.05441     3.69557     0.09562     0.07969     1.1058     -0.040230
4      	1.10577     1.20000     -0.04023     3.69557     0.09423     0.07853     1.1068     -0.029418
5      	1.10678     1.20000     -0.02942     3.69557     0.09322     0.07768     1.1075     -0.021339
6      	1.10752     1.20000     -0.02134     3.69557     0.09248     0.07707     1.1080     -0.015387
7      	1.10805     1.20000     -0.01539     3.69557     0.09195     0.07663     1.1084     -0.011049
8      	1.10843     1.20000     -0.01105     3.69557     0.09157     0.07631     1.1087     -0.0079091
9      	1.10870     1.20000     -0.00791     3.69557     0.09130     0.07608     1.1089     -0.0056492
10     	1.10890     1.20000     -0.00565     3.69557     0.09110     0.07592     1.1090     -0.0040287
11     	1.10904     1.20000     -0.00403     3.69557     0.09096     0.07580     1.1091     -0.0028698
12     	1.10913     1.20000     -0.00287     3.69557     0.09087     0.07572     1.1092     -0.0020427
13     	1.10920     1.20000     -0.00204     3.69557     0.09080     0.07566     1.1093     -0.0014531
14     	1.10926     1.20000     -0.00145     3.69557     0.09074     0.07562     1.1093     -0.0010333
15     	1.10929     1.20000     -0.00103     3.69557     0.09071     0.07559     1.1093     -0.00073452
16     	1.10932     1.20000     -0.00073     3.69557     0.09068     0.07557     1.1093     -0.00052204
17     	1.10933     1.20000     -0.00052     3.69557     0.09067     0.07555     1.1093     -0.00037098
18     	1.10935     1.20000     -0.00037     3.69557     0.09065     0.07554     1.1094     -0.00026360
19     	1.10936     1.20000     -0.00026     3.69557     0.09064     0.07554     1.1094     -0.00018729
20     	1.10936     1.20000     -0.00019     3.69557     0.09064     0.07553     1.1094     -0.00013306
21     	1.10937     1.20000     -0.00013     3.69557     0.09063     0.07553     1.1094     -0.000094530
22     	1.10937     1.20000     -0.00009     3.69557     0.09063     0.07552     1.1094     -0.000067156
23     	1.10937     1.20000     -0.00007     3.69557     0.09063     0.07552     1.1094     -0.000047708
24     	1.10937     1.20000     -0.00005     3.69557     0.09063     0.07552     1.1094     -0.000033891
25     	1.10938     1.20000     -0.00003     3.69557     0.09062     0.07552     1.1094     -0.000024076
26     	1.10938     1.20000     -0.00002     3.69557     0.09062     0.07552     1.1094     -0.000017103
27     	1.10938     1.20000     -0.00002     3.69557     0.09062     0.07552     1.1094     -0.000012150
28     	1.10938     1.20000     -0.00001     3.69557     0.09062     0.07552     1.1094     -0.0000086309
29     	1.10938     1.20000     -0.00001     3.69557     0.09062     0.07552     1.1094     -0.0000061312
30     	1.10938     1.20000     -0.00001     3.69557     0.09062     0.07552     1.1094     -0.0000043554
31     	1.10938     1.20000     -0.00000     3.69557     0.09062     0.07552     1.1094     -0.0000030940
32     	1.10938     1.20000     -0.00000     3.69557     0.09062     0.07552     1.1094     -0.0000021979
33     	1.10938     1.20000     -0.00000     3.69557     0.09062     0.07552     1.1094     -0.0000015613
34     	1.10938     1.20000     -0.00000     3.69557     0.09062     0.07552     1.1094     -0.0000011091
35     	1.10938     1.20000     -0.00000     3.69557     0.09062     0.07552     1.1094     -7.8788E-7
36     	1.10938     1.20000     -0.00000     3.69557     0.09062     0.07552     1.1094     -5.5969E-7
37     	1.10938     1.20000     -0.00000     3.69557     0.09062     0.07552     1.1094     -3.9759E-7
38     	1.10938     1.20000     -0.00000     3.69557     0.09062     0.07552     1.1094     -2.8243E-7
39     	1.10938     1.20000     -0.00000     3.69557     0.09062     0.07552     1.1094     -2.0063E-7
40     	1.10938     1.20000     -0.00000     3.69557     0.09062     0.07552     1.1094     -1.4252E-7
41     	1.10938     1.20000     -0.00000     3.69557     0.09062     0.07552     1.1094     -1.0124E-7
42     	1.10938     1.20000     -0.00000     3.69557     0.09062     0.07552     1.1094     -7.1921E-8
43     	1.10938     1.20000     -0.00000     3.69557     0.09062     0.07552     1.1094     -5.1091E-8
44     	1.10938     1.20000     -0.00000     3.69557     0.09062     0.07552     1.1094     -3.6294E-8
45     	1.10938     1.20000     -0.00000     3.69557     0.09062     0.07552     1.1094     -2.5782E-8
46     	1.10938     1.20000     -0.00000     3.69557     0.09062     0.07552     1.1094     -1.8315E-8
47     	1.10938     1.20000     -0.00000     3.69557     0.09062     0.07552     1.1094     -1.3010E-8
48     	1.10938     1.20000     -0.00000     3.69557     0.09062     0.07552     1.1094     -9.2421E-9
49     	1.10938     1.20000     -0.00000     3.69557     0.09062     0.07552     1.1094     -6.5653E-9
50     	1.10938     1.20000     -0.00000     3.69557     0.09062     0.07552     1.1094     -4.6638E-9
51     	1.10938     1.20000     -0.00000     3.69557     0.09062     0.07552     1.1094     -3.3130E-9
52     	1.10938     1.20000     -0.00000     3.69557     0.09062     0.07552     1.1094     -2.3535E-9
53     	1.10938     1.20000     -0.00000     3.69557     0.09062     0.07552     1.1094     -1.6718E-9
54     	1.10938     1.20000     -0.00000     3.69557     0.09062     0.07552     1.1094     -1.1876E-9
55     	1.10938     1.20000     -0.00000     3.69557     0.09062     0.07552     1.1094     -8.4366E-10
56     	1.10938     1.20000     -0.00000     3.69557     0.09062     0.07552     1.1094     -5.9931E-10
57     	1.10938     1.20000     -0.00000     3.69557     0.09062     0.07552     1.1094     -4.2573E-10
58     	1.10938     1.20000     -0.00000     3.69557     0.09062     0.07552     1.1094     -3.0243E-10
59     	1.10938     1.20000     -0.00000     3.69557     0.09062     0.07552     1.1094     -2.1484E-10
60     	1.10938     1.20000     -0.00000     3.69557     0.09062     0.07552     1.1094     -1.5261E-10
61     	1.10938     1.20000     -0.00000     3.69557     0.09062     0.07552     1.1094     -1.0841E-10
62     	1.10938     1.20000     -0.00000     3.69557     0.09062     0.07552     1.1094     -7.7012E-11
63     	1.10938     1.20000     -0.00000     3.69557     0.09062     0.07552     1.1094     -5.4705E-11
64     	1.10938     1.20000     -0.00000     3.69557     0.09062     0.07552     1.1094     -3.8863E-11
65     	1.10938     1.20000     -0.00000     3.69557     0.09062     0.07552     1.1094     -2.7601E-11
66     	1.10938     1.20000     -0.00000     3.69557     0.09062     0.07552     1.1094     -1.9607E-11
67     	1.10938     1.20000     -0.00000     3.69557     0.09062     0.07552     1.1094     -1.3930E-11
68     	1.10938     1.20000     -0.00000     3.69557     0.09062     0.07552     1.1094     -9.8943E-12
69     	1.10938     1.20000     -0.00000     3.69557     0.09062     0.07552     1.1094     -7.0344E-12
70     	1.10938     1.20000     -0.00000     3.69557     0.09062     0.07552     1.1094     -4.9951E-12
71     	1.10938     1.20000     -0.00000     3.69557     0.09062     0.07552     1.1094     -3.5492E-12
72     	1.10938     1.20000     -0.00000     3.69557     0.09062     0.07552     1.1094     -2.5153E-12
73     	1.10938     1.20000     -0.00000     3.69557     0.09062     0.07552     1.1094     -1.7906E-12
74     	1.10938     1.20000     -0.00000     3.69557     0.09062     0.07552     1.1094     -1.2754E-12
75     	1.10938     1.20000     -0.00000     3.69557     0.09062     0.07552     1.1094     -9.0239E-13
76     	1.10938     1.20000     -0.00000     3.69557     0.09062     0.07552     1.1094     -6.4304E-13
77     	1.10938     1.20000     -0.00000     3.69557     0.09062     0.07552     1.1094     -4.5830E-13
78     	1.10938     1.20000     -0.00000     3.69557     0.09062     0.07552     1.1094     -3.2330E-13
79     	1.10938     1.20000     -0.00000     3.69557     0.09062     0.07552     1.1094     -2.2737E-13
80     	1.10938     1.20000     -0.00000     3.69557     0.09062     0.07552     1.1094     -1.6698E-13
81     	1.10938     1.20000     -0.00000     3.69557     0.09062     0.07552     1.1094     -1.1724E-13
82     	1.10938     1.20000     -0.00000     3.69557     0.09062     0.07552     1.1094     -8.1712E-14
83     	1.10938     1.20000     -0.00000     3.69557     0.09062     0.07552     1.1094     -6.0396E-14
84     	1.10938     1.20000     -0.00000     3.69557     0.09062     0.07552     1.1094     -4.2633E-14
85     	1.10938     1.20000     -0.00000     3.69557     0.09062     0.07552     1.1094     -2.8422E-14
86     	1.10938     1.20000     -0.00000     3.69557     0.09062     0.07552     1.1094     -2.1316E-14
87     	1.10938     1.20000     -0.00000     3.69557     0.09062     0.07552     1.1094     -1.4211E-14
88     	1.10938     1.20000     -0.00000     3.69557     0.09062     0.07552     1.1094     -7.1054E-15
89     	1.10938     1.20000     -0.00000     3.69557     0.09062     0.07552     1.1094     -7.1054E-15
90     	1.10938     1.20000     -0.00000     3.69557     0.09062     0.07552     1.1094     -3.5527E-15
91     	1.10938     1.20000     -0.00000     3.69557     0.09062     0.07552     1.1094     -3.5527E-15
92     	1.10938     1.20000     -0.00000     3.69557     0.09062     0.07552     1.1094     3.5527E-15
93     	1.10938     1.10938     -0.00000     0.00000     0.00000     0.00000     1.1094     3.5527E-15

xk = (ak * fbk - bk * fak) / (fbk - fak)		e = |(bk - ak)|

A raiz (aproximada) da funcao eh: 1.10937836292455