k          a           b           f(a)        f(b)         e         e/|bk|       xk       f(xk)
1      	1.00000     1.20000     -0.01970     0.02051     0.20000     0.16667     1.10000     -0.00042
2      	1.10000     1.20000     -0.00042     0.02051     0.10000     0.08333     1.15000     0.00985
3      	1.10000     1.15000     -0.00042     0.00985     0.05000     0.04348     1.12500     0.00467
4      	1.10000     1.12500     -0.00042     0.00467     0.02500     0.02222     1.11250     0.00211
5      	1.10000     1.11250     -0.00042     0.00211     0.01250     0.01124     1.10625     0.00085
6      	1.10000     1.10625     -0.00042     0.00085     0.00625     0.00565     1.10312     0.00021
7      	1.10000     1.10312     -0.00042     0.00021     0.00313     0.00283     1.10156     -0.00010
8      	1.10156     1.10312     -0.00010     0.00021     0.00156     0.00142     1.10234     0.00006
9      	1.10156     1.10234     -0.00010     0.00006     0.00078     0.00071     1.10195     -0.00002

e = |(bk - ak)|

A raiz (aproximada) da funcao eh: 1.10195312500000