k          a           b           f(a)        f(b)         e         e/|bk|       xk       f(xk)
1      	5.00000     5.50000     -0.02465     0.01162     0.50000     0.09091     5.25000     -0.00511
2      	5.25000     5.50000     -0.00511     0.01162     0.25000     0.04545     5.37500     0.00358
3      	5.25000     5.37500     -0.00511     0.00358     0.12500     0.02326     5.31250     -0.00068
4      	5.31250     5.37500     -0.00068     0.00358     0.06250     0.01163     5.34375     0.00147
5      	5.31250     5.34375     -0.00068     0.00147     0.03125     0.00585     5.32812     0.00040
6      	5.31250     5.32812     -0.00068     0.00040     0.01562     0.00293     5.32031     -0.00014
7      	5.32031     5.32812     -0.00014     0.00040     0.00781     0.00147     5.32422     0.00013
8      	5.32031     5.32422     -0.00014     0.00013     0.00391     0.00073     5.32227     -0.00000

e = |(bk - ak)|

A raiz (aproximada) da funcao eh: 5.32226562500000