Resultado do metodo de Euler
[ 0(0.0000, 20.0000), 1(0.0100, 20.1000), 2(0.0200, 20.2005), 3(0.0300, 20.3015), 
  4(0.0400, 20.4030), 5(0.0500, 20.5050), 6(0.0600, 20.6076), 
  7(0.0700, 20.7106), 8(0.0800, 20.8141), 9(0.0900, 20.9182), 
  10(0.1000, 21.0228), 11(0.1100, 21.1279), 12(0.1200, 21.2336), 
  13(0.1300, 21.3397), 14(0.1400, 21.4464), 15(0.1500, 21.5537), 
  16(0.1600, 21.6614), 17(0.1700, 21.7697), 18(0.1800, 21.8786), 
  19(0.1900, 21.9880), 20(0.2000, 22.0979), 21(0.2100, 22.2084), 
  22(0.2200, 22.3194), 23(0.2300, 22.4310), 24(0.2400, 22.5432), 
  25(0.2500, 22.6559), 26(0.2600, 22.7692), 27(0.2700, 22.8830), 
  28(0.2800, 22.9975), 29(0.2900, 23.1124), 30(0.3000, 23.2280), 
  31(0.3100, 23.3441), 32(0.3200, 23.4609), 33(0.3300, 23.5782), 
  34(0.3400, 23.6961), 35(0.3500, 23.8145), 36(0.3600, 23.9336), 
  37(0.3700, 24.0533), 38(0.3800, 24.1735), 39(0.3900, 24.2944), 
  40(0.4000, 24.4159), 41(0.4100, 24.5380), 42(0.4200, 24.6607), 
  43(0.4300, 24.7840), 44(0.4400, 24.9079), 45(0.4500, 25.0324), 
  46(0.4600, 25.1576), 47(0.4700, 25.2834), 48(0.4800, 25.4098), 
  49(0.4900, 25.5368), 50(0.5000, 25.6645), 51(0.5100, 25.7928), 
  52(0.5200, 25.9218), 53(0.5300, 26.0514), 54(0.5400, 26.1817), 
  55(0.5500, 26.3126), 56(0.5600, 26.4441), 57(0.5700, 26.5764), 
  58(0.5800, 26.7092), 59(0.5900, 26.8428), 60(0.6000, 26.9770), 
  61(0.6100, 27.1119), 62(0.6200, 27.2474), 63(0.6300, 27.3837), 
  64(0.6400, 27.5206), 65(0.6500, 27.6582), 66(0.6600, 27.7965), 
  67(0.6700, 27.9355), 68(0.6800, 28.0752), 69(0.6900, 28.2155), 
  70(0.7000, 28.3566), 71(0.7100, 28.4984), 72(0.7200, 28.6409), 
  73(0.7300, 28.7841), 74(0.7400, 28.9280), 75(0.7500, 29.0727), 
  76(0.7600, 29.2180), 77(0.7700, 29.3641), 78(0.7800, 29.5109), 
  79(0.7900, 29.6585), 80(0.8000, 29.8068), 81(0.8100, 29.9558), 
  82(0.8200, 30.1056), 83(0.8300, 30.2561), 84(0.8400, 30.4074), 
  85(0.8500, 30.5594), 86(0.8600, 30.7122), 87(0.8700, 30.8658), 
  88(0.8800, 31.0201), 89(0.8900, 31.1752), 90(0.9000, 31.3311), 
  91(0.9100, 31.4877), 92(0.9200, 31.6452), 93(0.9300, 31.8034), 
  94(0.9400, 31.9624), 95(0.9500, 32.1222), 96(0.9600, 32.2829), 
  97(0.9700, 32.4443), 98(0.9800, 32.6065), 99(0.9900, 32.7695), 
  100(1.0000, 32.9334), 101(1.0100, 33.0980), 102(1.0200, 33.2635), 
  103(1.0300, 33.4298), 104(1.0400, 33.5970), 105(1.0500, 33.7650), 
  106(1.0600, 33.9338), 107(1.0700, 34.1035), 108(1.0800, 34.2740), 
  109(1.0900, 34.4454), 110(1.1000, 34.6176), 111(1.1100, 34.7907), 
  112(1.1200, 34.9646), 113(1.1300, 35.1395), 114(1.1400, 35.3151), 
  115(1.1500, 35.4917), 116(1.1600, 35.6692), 117(1.1700, 35.8475), 
  118(1.1800, 36.0268), 119(1.1900, 36.2069), 120(1.2000, 36.3879), 
  121(1.2100, 36.5699), 122(1.2200, 36.7527), 123(1.2300, 36.9365), 
  124(1.2400, 37.1212), 125(1.2500, 37.3068), 126(1.2600, 37.4933), 
  127(1.2700, 37.6808), 128(1.2800, 37.8692), 129(1.2900, 38.0585), 
  130(1.3000, 38.2488), 131(1.3100, 38.4401), 132(1.3200, 38.6323), 
  133(1.3300, 38.8254), 134(1.3400, 39.0196), 135(1.3500, 39.2146), 
  136(1.3600, 39.4107), 137(1.3700, 39.6078), 138(1.3800, 39.8058), 
  139(1.3900, 40.0048), 140(1.4000, 40.2049), 141(1.4100, 40.4059), 
  142(1.4200, 40.6079), 143(1.4300, 40.8110), 144(1.4400, 41.0150), 
  145(1.4500, 41.2201), 146(1.4600, 41.4262), 147(1.4700, 41.6333), 
  148(1.4800, 41.8415), 149(1.4900, 42.0507), 150(1.5000, 42.2610), 
  151(1.5100, 42.4723), 152(1.5200, 42.6846), 153(1.5300, 42.8980), 
  154(1.5400, 43.1125), 155(1.5500, 43.3281), 156(1.5600, 43.5447), 
  157(1.5700, 43.7625), 158(1.5800, 43.9813), 159(1.5900, 44.2012), 
  160(1.6000, 44.4222), 161(1.6100, 44.6443), 162(1.6200, 44.8675), 
  163(1.6300, 45.0919), 164(1.6400, 45.3173), 165(1.6500, 45.5439), 
  166(1.6600, 45.7716), 167(1.6700, 46.0005), 168(1.6800, 46.2305), 
  169(1.6900, 46.4616), 170(1.7000, 46.6939), 171(1.7100, 46.9274), 
  172(1.7200, 47.1620), 173(1.7300, 47.3979), 174(1.7400, 47.6348), 
  175(1.7500, 47.8730), 176(1.7600, 48.1124), 177(1.7700, 48.3529), 
  178(1.7800, 48.5947), 179(1.7900, 48.8377), 180(1.8000, 49.0819), 
  181(1.8100, 49.3273), 182(1.8200, 49.5739), 183(1.8300, 49.8218), 
  184(1.8400, 50.0709), 185(1.8500, 50.3212), 186(1.8600, 50.5729), 
  187(1.8700, 50.8257), 188(1.8800, 51.0798), 189(1.8900, 51.3352), 
  190(1.9000, 51.5919), 191(1.9100, 51.8499), 192(1.9200, 52.1091), 
  193(1.9300, 52.3697), 194(1.9400, 52.6315), 195(1.9500, 52.8947), 
  196(1.9600, 53.1592), 197(1.9700, 53.4250), 198(1.9800, 53.6921), 
  199(1.9900, 53.9605), 200(2.0000, 54.2303) ]