Resultado do metodo de Euler
[ 0(0.00000, 0.00000), 1(1.00000, 1.00000), 2(2.00000, 1.99497), 3(3.00000, 2.98492), 
  4(4.00000, 3.96985), 5(5.00000, 4.94975), 6(6.00000, 5.92462), 
  7(7.00000, 6.89447), 8(8.00000, 7.85930), 9(9.00000, 8.81910), 
  10(10.00000, 9.77387), 11(11.00000, 10.72362), 12(12.00000, 11.66834), 
  13(13.00000, 12.60804), 14(14.00000, 13.54271), 15(15.00000, 14.47236), 
  16(16.00000, 15.39698), 17(17.00000, 16.31658), 18(18.00000, 17.23116), 
  19(19.00000, 18.14070), 20(20.00000, 19.04523), 21(21.00000, 19.94472), 
  22(22.00000, 20.83920), 23(23.00000, 21.72864), 24(24.00000, 22.61307), 
  25(25.00000, 23.49246), 26(26.00000, 24.36683), 27(27.00000, 25.23618), 
  28(28.00000, 26.10050), 29(29.00000, 26.95980), 30(30.00000, 27.81407), 
  31(31.00000, 28.66332), 32(32.00000, 29.50754), 33(33.00000, 30.34673), 
  34(34.00000, 31.18090), 35(35.00000, 32.01005), 36(36.00000, 32.83417), 
  37(37.00000, 33.65327), 38(38.00000, 34.46734), 39(39.00000, 35.27638), 
  40(40.00000, 36.08040), 41(41.00000, 36.87940), 42(42.00000, 37.67337), 
  43(43.00000, 38.46231), 44(44.00000, 39.24623), 45(45.00000, 40.02513), 
  46(46.00000, 40.79899), 47(47.00000, 41.56784), 48(48.00000, 42.33166), 
  49(49.00000, 43.09045), 50(50.00000, 43.84422) ]