Resultado do metodo de Euler
[ 0(0.00000, 5.00000), 1(0.01000, 4.99500), 2(0.02000, 4.99000), 3(0.03000, 4.98501), 
  4(0.04000, 4.98003), 5(0.05000, 4.97505), 6(0.06000, 4.97007), 
  7(0.07000, 4.96510), 8(0.08000, 4.96014), 9(0.09000, 4.95518), 
  10(0.10000, 4.95022), 11(0.11000, 4.94527), 12(0.12000, 4.94033), 
  13(0.13000, 4.93539), 14(0.14000, 4.93045), 15(0.15000, 4.92552), 
  16(0.16000, 4.92060), 17(0.17000, 4.91568), 18(0.18000, 4.91076), 
  19(0.19000, 4.90585), 20(0.20000, 4.90094), 21(0.21000, 4.89604), 
  22(0.22000, 4.89115), 23(0.23000, 4.88626), 24(0.24000, 4.88137), 
  25(0.25000, 4.87649), 26(0.26000, 4.87161), 27(0.27000, 4.86674), 
  28(0.28000, 4.86187), 29(0.29000, 4.85701), 30(0.30000, 4.85215), 
  31(0.31000, 4.84730), 32(0.32000, 4.84246), 33(0.33000, 4.83761), 
  34(0.34000, 4.83278), 35(0.35000, 4.82794), 36(0.36000, 4.82311), 
  37(0.37000, 4.81829), 38(0.38000, 4.81347), 39(0.39000, 4.80866), 
  40(0.40000, 4.80385), 41(0.41000, 4.79905), 42(0.42000, 4.79425), 
  43(0.43000, 4.78945), 44(0.44000, 4.78466), 45(0.45000, 4.77988), 
  46(0.46000, 4.77510), 47(0.47000, 4.77032), 48(0.48000, 4.76555), 
  49(0.49000, 4.76079), 50(0.50000, 4.75603), 51(0.51000, 4.75127), 
  52(0.52000, 4.74652), 53(0.53000, 4.74177), 54(0.54000, 4.73703), 
  55(0.55000, 4.73230), 56(0.56000, 4.72756), 57(0.57000, 4.72284), 
  58(0.58000, 4.71811), 59(0.59000, 4.71339), 60(0.60000, 4.70868), 
  61(0.61000, 4.70397), 62(0.62000, 4.69927), 63(0.63000, 4.69457), 
  64(0.64000, 4.68987), 65(0.65000, 4.68518), 66(0.66000, 4.68050), 
  67(0.67000, 4.67582), 68(0.68000, 4.67114), 69(0.69000, 4.66647), 
  70(0.70000, 4.66181), 71(0.71000, 4.65714), 72(0.72000, 4.65249), 
  73(0.73000, 4.64783), 74(0.74000, 4.64319), 75(0.75000, 4.63854), 
  76(0.76000, 4.63390), 77(0.77000, 4.62927), 78(0.78000, 4.62464), 
  79(0.79000, 4.62002), 80(0.80000, 4.61540), 81(0.81000, 4.61078), 
  82(0.82000, 4.60617), 83(0.83000, 4.60156), 84(0.84000, 4.59696), 
  85(0.85000, 4.59237), 86(0.86000, 4.58777), 87(0.87000, 4.58319), 
  88(0.88000, 4.57860), 89(0.89000, 4.57402), 90(0.90000, 4.56945), 
  91(0.91000, 4.56488), 92(0.92000, 4.56032), 93(0.93000, 4.55576), 
  94(0.94000, 4.55120), 95(0.95000, 4.54665), 96(0.96000, 4.54210), 
  97(0.97000, 4.53756), 98(0.98000, 4.53302), 99(0.99000, 4.52849), 
  100(1.00000, 4.52396), 101(1.01000, 4.51944), 102(1.02000, 4.51492), 
  103(1.03000, 4.51040), 104(1.04000, 4.50589), 105(1.05000, 4.50139), 
  106(1.06000, 4.49688), 107(1.07000, 4.49239), 108(1.08000, 4.48790), 
  109(1.09000, 4.48341), 110(1.10000, 4.47892), 111(1.11000, 4.47445), 
  112(1.12000, 4.46997), 113(1.13000, 4.46550), 114(1.14000, 4.46104), 
  115(1.15000, 4.45657), 116(1.16000, 4.45212), 117(1.17000, 4.44767), 
  118(1.18000, 4.44322), 119(1.19000, 4.43877), 120(1.20000, 4.43434), 
  121(1.21000, 4.42990), 122(1.22000, 4.42547), 123(1.23000, 4.42105), 
  124(1.24000, 4.41663), 125(1.25000, 4.41221), 126(1.26000, 4.40780), 
  127(1.27000, 4.40339), 128(1.28000, 4.39899), 129(1.29000, 4.39459), 
  130(1.30000, 4.39019), 131(1.31000, 4.38580), 132(1.32000, 4.38142), 
  133(1.33000, 4.37703), 134(1.34000, 4.37266), 135(1.35000, 4.36828), 
  136(1.36000, 4.36392), 137(1.37000, 4.35955), 138(1.38000, 4.35519), 
  139(1.39000, 4.35084), 140(1.40000, 4.34649), 141(1.41000, 4.34214), 
  142(1.42000, 4.33780), 143(1.43000, 4.33346), 144(1.44000, 4.32913), 
  145(1.45000, 4.32480), 146(1.46000, 4.32047), 147(1.47000, 4.31615), 
  148(1.48000, 4.31184), 149(1.49000, 4.30752), 150(1.50000, 4.30322), 
  151(1.51000, 4.29891), 152(1.52000, 4.29461), 153(1.53000, 4.29032), 
  154(1.54000, 4.28603), 155(1.55000, 4.28174), 156(1.56000, 4.27746), 
  157(1.57000, 4.27318), 158(1.58000, 4.26891), 159(1.59000, 4.26464), 
  160(1.60000, 4.26038), 161(1.61000, 4.25612), 162(1.62000, 4.25186), 
  163(1.63000, 4.24761), 164(1.64000, 4.24336), 165(1.65000, 4.23912), 
  166(1.66000, 4.23488), 167(1.67000, 4.23064), 168(1.68000, 4.22641), 
  169(1.69000, 4.22219), 170(1.70000, 4.21797), 171(1.71000, 4.21375), 
  172(1.72000, 4.20953), 173(1.73000, 4.20532), 174(1.74000, 4.20112), 
  175(1.75000, 4.19692), 176(1.76000, 4.19272), 177(1.77000, 4.18853), 
  178(1.78000, 4.18434), 179(1.79000, 4.18016), 180(1.80000, 4.17597), 
  181(1.81000, 4.17180), 182(1.82000, 4.16763), 183(1.83000, 4.16346), 
  184(1.84000, 4.15930), 185(1.85000, 4.15514), 186(1.86000, 4.15098), 
  187(1.87000, 4.14683), 188(1.88000, 4.14268), 189(1.89000, 4.13854), 
  190(1.90000, 4.13440), 191(1.91000, 4.13027), 192(1.92000, 4.12614), 
  193(1.93000, 4.12201), 194(1.94000, 4.11789), 195(1.95000, 4.11377), 
  196(1.96000, 4.10966), 197(1.97000, 4.10555), 198(1.98000, 4.10144), 
  199(1.99000, 4.09734), 200(2.00000, 4.09324) ]