Resultado do metodo de Euler
[ 0(0.0, 10000.0000), 1(0.5, 10375.0000), 2(1.0, 10764.0625), 3(1.5, 11167.7148), 
  4(2.0, 11586.5042), 5(2.5, 12020.9981), 6(3.0, 12471.7855), 
  7(3.5, 12939.4774), 8(4.0, 13424.7078), 9(4.5, 13928.1344), 
  10(5.0, 14450.4394), 11(5.5, 14992.3309), 12(6.0, 15554.5433), 
  13(6.5, 16137.8387), 14(7.0, 16743.0076), 15(7.5, 17370.8704), 
  16(8.0, 18022.2781), 17(8.5, 18698.1135), 18(9.0, 19399.2927), 
  19(9.5, 20126.7662), 20(10.0, 20881.5200), 21(10.5, 21664.5770), 
  22(11.0, 22476.9986), 23(11.5, 23319.8860), 24(12.0, 24194.3818), 
  25(12.5, 25101.6711), 26(13.0, 26042.9838), 27(13.5, 27019.5956), 
  28(14.0, 28032.8305), 29(14.5, 29084.0616), 30(15.0, 30174.7139), 
  31(15.5, 31306.2657), 32(16.0, 32480.2507), 33(16.5, 33698.2601), 
  34(17.0, 34961.9448), 35(17.5, 36273.0178), 36(18.0, 37633.2559), 
  37(18.5, 39044.5030), 38(19.0, 40508.6719), 39(19.5, 42027.7471), 
  40(20.0, 43603.7876) ]