k          xk          fxk         f'xk
1      	2.00000     22576.62791     162125.39535     
2      	1.86075     7934.42936     62381.38780     
3      	1.73355     2782.96484     24053.94730     
4      	1.61786     973.20005     9304.99243     
5      	1.51327     338.76540     3617.46112     
6      	1.41962     117.06963     1417.40379     
7      	1.33703     39.98496     562.40011     
8      	1.26593     13.39382     227.79031     
9      	1.20713     4.33864     95.52525     
10     	1.16171     1.32025     42.65119     
11     	1.13076     0.35087     21.56363     
12     	1.11449     0.06545     13.84760     
13     	1.10976     0.00453     11.95713     

x(k+1) = xk - (fxk)/(f'xk)

A raiz (aproximada) da funcao eh: 1.10975913108289